18,0,20180222224744,tあいうえおあいうえおあいうえおあいうえおあいうえおあいうえおあいうえおあいうえおあいうえお
18,0,20180223224836,あいうえおあいうえおあいうえおあいうえおあいうえおあいうえおあいうえお
0,18,20180223224837,あいうえおあいうえおあいうえおあいうえおあいうえおあいうえおあいうえお
0,18,20180223224837,t
0,18,20180224224837,あいうえおあいうえおあいうえおあいうえおあいうえおあいうえおあいうえお
18,0,20180501142919,q
18,0,20180501143100,nhffhh
18,0,20180501144221,gfhnbb
18,0,20180501144251,fffff
0,18,0,20180501144342,ppp
20180502194150841,18,0,20180502194150,ok
20180502194502518,18,0,20180502194502,k
20180502194504719,18,0,20180502194504,m
20180502194507385,18,0,20180502194507,m
20180502194509421,18,0,20180502194509,m
20180502194513513,18,0,20180502194513,yyy
20180502194516723,18,0,20180502194516,grad
20180502194519710,18,0,20180502194519,Buffy
20180502194523647,18,0,20180502194523,bfffy
20180502194532804,18,0,20180502194532,vgfbnk
20180502194630832,18,0,20180502194630,vvhj
20180502194634609,18,0,20180502194634,jk
20180502194659913,18,0,20180502194659,ppp
20180502194705204,18,0,20180502194705,ooo
20180502194707826,18,0,20180502194707,oohgg
