0000,0,0000,20180310155725,aaa
0000,0,0000,20180310155734,aaa
0000,0,0000,20180310155743,aaa
20180502115748798,18,8,20180502115748,Ooooo

20180502192559522,18,8,20180502192701,j
20180502192757541,18,8,20180502192800,p
20180502192804998,18,8,20180502192805,they
20180502192807096,18,8,20180502192807,j
20180502192808485,18,8,20180502192808,j
20180502192809621,18,8,20180502192809,l
20180502192810937,18,8,20180502192810,k
20180502193017673,18,8,20180502193017,p
20180502193026625,18,8,20180502193026,jjh
20180502193237870,18,8,20180502193237,hgh
20180502193318767,18,8,20180502193318,bhg
20180502193323039,18,8,20180502193323,hcdf
20180502201734142,18,0,20180502201734, hui
20180502201852464,18,8,20180502201852,ht
20180502201910314,18,8,20180502201910,utt
20180502201923891,18,8,20180502201923,gif
20180502202251775,18,8,20180502202251,vhk
